Data: 14/01/2023
Ticker Quantidade        Compra     Dividendo         Valor
bbas3         300       3000.41        200.12       8745.00
cple11        400       1200.57        150.15       2068.00
bbse3         200       1950.31        300.75       3834.00
Valor total da carteira:                           14647.00

Data: 14/01/2023
Ticker Quantidade        Compra     Dividendo         Valor
bbas3         300       3000.41        200.12       8745.00
bbse3         200       1950.31        300.75       3834.00
cple11        400       1200.57        150.15       2068.00
Valor total da carteira:                           14647.00

Data: 14/01/2023
Ticker Quantidade        Compra     Dividendo         Valor
cple11        400       1200.57        150.15       2068.00
bbas3         300       3000.41        200.12       8745.00
bbse3         200       1950.31        300.75       3834.00
Valor total da carteira:                           14647.00

Data: 14/01/2023
Ticker Quantidade        Compra     Dividendo         Valor
cple11        400       1200.57        150.15       2068.00
bbse3         200       1950.31        300.75       3834.00
bbas3         300       3000.41        200.12       8745.00
Valor total da carteira:                           14647.00

Data: 14/01/2023
Ticker Quantidade        Compra     Dividendo         Valor
bbse3         200       1950.31        300.75       3834.00
bbas3         300       3000.41        200.12       8745.00
cple11        400       1200.57        150.15       2068.00
Valor total da carteira:                           14647.00

Data: 14/01/2023
Ticker Quantidade        Compra     Dividendo         Valor
cple11        400       1200.57        150.15       2068.00
bbas3         300       3000.41        400.75       8745.00
bbse3         200       1950.31        300.75       3834.00
Valor total da carteira:                           14647.00

Data: 14/01/2023
Ticker Quantidade        Compra     Dividendo         Valor
cple11        400       1200.57        150.15       2068.00
bbse3         200       9000.00        300.75       3834.00
bbas3         300       3000.41        400.75       8745.00
Valor total da carteira:                           14647.00

Data: 14/01/2023
Ticker Quantidade        Compra     Dividendo         Valor
bbse3         200       9000.00        300.75       3834.00
bbas3         300       3000.41        400.75       8745.00
cple11        100       1200.57        150.15        517.00
Valor total da carteira:                           13096.00

